       0
       0
       0
       0
       0
       0
       0
       0
       0
       0
       0
       0
       0
       0
       0
       0
       0
       0
       0
       0
       0
       0
       0
       0
       0
       0
       0
       0
       0
       0
       0
       0
       1
       0
       1
       1
       1
       1
       1
       2
       2
       0
       2
       4
       0
       3
       2
       0
       3
       1
       3
       3
       1
       1
      39
     862
    1184
    1179
    1225
    1211
    1163
    1304
    1333
    1269
    1310
    1346
    1306
    1365
    1380
    1318
    1373
    1338
    1311
    1333
    1361
    1249
    1257
    1200
    1257
    1273
    1250
    1121
    1181
    1151
    1099
    1107
    1056
    1087
    1079
     996
     992
     984
     943
     965
     974
     924
     923
     906
     919
     916
     884
     830
     892
     899
     849
     889
     791
     801
     765
     769
     785
     796
     822
     755
     833
     751
     801
     768
     765
     752
     746
     708
     695
     655
     676
     677
     688
     661
     689
     690
     697
     641
     644
     644
     658
     573
     614
     613
     538
     584
     584
     550
     590
     565
     544
     531
     514
     498
     534
     457
     605
     494
     509
     537
     467
     502
     464
     465
     433
     429
     433
     410
     438
     448
     455
     402
     420
     423
     398
     413
     393
     406
     367
     353
     358
     381
     327
     338
     366
     354
     353
     352
     371
     365
     349
     308
     319
     307
     321
     295
     315
     330
     357
     344
     313
     307
     313
     316
     328
     301
     296
     258
     310
     298
     274
     309
     300
     310
     306
     289
     297
     297
     294
     319
     349
     363
     311
     305
     316
     336
     327
     320
     344
     333
     356
     331
     368
     359
     349
     372
     349
     351
     375
     355
     391
     360
     349
     337
     360
     369
     378
     381
     360
     351
     377
     379
     391
     362
     388
     418
     422
     381
     428
     422
     437
     411
     404
     431
     437
     442
     431
     451
     412
     451
     471
     433
     476
     475
     487
     432
     440
     523
     454
     502
     454
     491
     501
     468
     533
     499
     534
     507
     519
     502
     490
     493
     529
     496
     500
     494
     508
     504
     467
     443
     467
     460
     430
     412
     383
     449
     382
     394
     402
     380
     357
     402
     360
     338
     346
     366
     352
     304
     314
     291
     300
     252
     271
     211
     245
     222
     244
     234
     221
     208
     194
     189
     155
     186
     158
     174
     146
     138
     161
     131
     134
     120
     116
     127
      98
     113
     105
     107
      98
      96
     102
      88
      91
      71
      82
      79
      87
      87
      76
      73
      70
      83
      52
      75
      81
      69
      64
      65
      57
      63
      62
      66
      54
      55
      70
      53
      52
      49
      53
      63
      49
      60
      61
      41
      64
      51
      56
      48
      44
      51
      48
      55
      44
      51
      53
      44
      44
      52
      41
      52
      50
      46
      54
      47
      36
      54
      43
      51
      46
      44
      43
      48
      51
      27
      39
      52
      57
      52
      41
      41
      47
      34
      39
      47
      42
      28
      49
      52
      40
      43
      48
      30
      37
      32
      49
      34
      44
      43
      35
      46
      60
      31
      35
      51
      43
      41
      46
      37
      51
      41
      43
      23
      40
      38
      45
      42
      43
      35
      39
      36
      39
      34
      41
      39
      40
      30
      47
      42
      45
      29
      42
      37
      31
      42
      43
      44
      28
      48
      37
      44
      39
      32
      30
      38
      37
      36
      44
      41
      37
      38
      36
      53
      27
      41
      27
      30
      28
      44
      37
      37
      25
      46
      31
      31
      35
      32
      27
      30
      29
      34
      37
      42
      33
      34
      48
      35
      27
      35
      34
      28
      23
      24
      39
      35
      27
      30
      31
      31
      38
      37
      28
      33
      35
      32
      21
      25
      29
      32
      30
      32
      26
      32
      30
      31
      33
      22
      33
      25
      32
      25
      24
      26
      22
      33
      20
      24
      21
      31
      31
      29
      30
      20
      26
      25
      29
      32
      30
      26
      25
      21
      27
      18
      28
      20
      23
      17
      17
      19
      27
      34
      22
      22
      22
      23
      26
      23
      22
      31
      15
      22
      22
      16
      29
      21
      26
      23
      26
      24
      21
      25
      23
      22
      20
      23
      21
      18
      21
      29
      13
      22
      20
      17
      25
      22
      16
      22
      24
      21
      21
      20
      22
      17
      17
      20
      20
      17
      22
      19
      10
      22
      23
      19
      12
      26
      28
      28
      18
      18
      17
      24
      22
      34
      17
      13
      19
      15
      22
      21
      12
      21
      21
      20
      19
      13
      19
      10
      12
      16
      19
      16
      22
      20
      28
      15
      16
      18
      21
      18
      23
      19
      18
      13
      19
      17
      14
      15
      13
      21
      19
      20
      19
      25
      22
      14
      16
      16
      23
      17
      22
      25
      15
      16
      24
      14
      14
      19
      21
      17
      12
      11
      16
      21
      15
      23
      20
      14
      10
      14
      19
      14
      20
      16
      12
      15
      15
      17
      14
      14
      18
      10
      17
      21
      16
      12
      14
      14
      14
      18
      10
      18
      20
      25
      18
      19
      12
       9
      15
      12
      17
      18
      13
      16
      14
      13
      16
      19
      10
      17
      12
      14
      15
      19
      22
      19
      10
      18
      11
      14
      10
      14
      13
      17
      14
      21
      16
      17
       8
      15
      17
      13
      10
      10
      20
      12
      22
      12
      12
      12
      11
      16
      12
      11
      13
      15
      12
       6
      16
      10
      15
      12
      15
      13
      16
      14
      12
      12
      10
      12
      11
      16
      16
      20
      19
       7
      20
      13
      13
       6
      15
      13
      12
      12
      17
      16
      15
      12
      18
      12
      18
      13
      16
      16
      16
       8
       8
      10
      11
      16
      10
      12
       8
      14
      10
      12
      16
      13
      17
       8
      12
      10
       8
      19
      15
      15
       9
      17
      17
       7
      10
      13
       3
      22
      10
       4
      16
      16
      14
       9
      11
      11
      16
      13
      16
      14
      15
      15
       8
      11
      14
       8
       9
      14
       6
      18
      12
      19
      14
      11
       8
       9
       7
       7
       7
      19
      12
      13
       7
      12
      12
       7
      10
       8
       6
       3
       7
       9
       9
      11
      13
       9
       9
       8
      10
      11
      13
      11
       8
       5
       9
      10
      10
      13
      10
       8
       6
       7
      11
       6
      10
       9
      11
       4
       6
      13
       7
       5
       7
       9
       8
       7
       1
      11
       8
      10
       7
       5
      12
      10
       7
       6
      17
       5
       5
       6
       4
      13
      10
      10
       8
       2
       8
      12
      10
       3
       9
       7
       4
       3
      11
       4
       6
      12
       5
       6
       6
       9
      13
       9
       3
       6
      11
       8
      10
       4
       5
       7
      13
       7
       5
       9
       9
       7
       5
      11
       6
       9
       8
       6
       9
       7
       9
       3
       4
      10
       8
       8
       1
       8
       4
      10
       5
       4
       8
       4
       3
      10
      10
       4
       4
       5
       8
       8
       6
      12
       6
       2
       4
       6
       4
       4
       9
       3
       7
       5
       3
       7
       9
       0
       8
       4
       2
       7
       8
       3
       3
       6
       8
       4
       6
       5
       6
       2
       7
       3
       6
       8
       6
       5
       6
       7
       7
       3
       6
       6
       3
       6
       6
       5
       7
       1
       4
       3
       7
       6
       3
       3
       9
       7
       6
      10
       4
       7
       8
       8
       8
       3
       8
       8
       4
      10
       7
      12
       4
       7
       6
       7
      10
       3
       7
       1
       6
       8
      17
       5
       8
       5
      10
       7
       7
       5
       7
      13
       4
       7
       6
       7
       8
       7
       8
       8
       8
       8
      13
       4
       5
       6
       3
       8
      11
       7
       5
      10
       5
      15
       6
       4
       3
       5
       8
       7
       7
       5
       3
       8
       9
       7
       8
       7
       9
       1
       9
       5
       3
       3
       8
       4
       8
       6
       5
       8
       9
       5
       1
       5
       7
       1
       5
       5
       4
       9
       5
       4
       3
       6
       2
       4
       5
       7
       6
       9
       4
       3
       5
       3
       9
       8
       5
       3
       6
       6
       3
       7
       7
       4
       3
       3
       5
       5
       3
       8
       4
       7
       3
       4
       9
       3
       5
       5
       2
       3
       6
       4
       6
       5
       1
       3
       2
       2
       3
       4
       2
       4
       2
       8
       4
       0
       1
       4
       1
       7
       9
       3
       4
       4
       6
       2
       5
       4
       2
       5
       2
       5
       4
       1
       3
       3
       2
       2
       3
       3
       5
       5
       3
       0
       3
       2
       3
       2
       3
       5
       2
       8
       4
       2
       1
       3
       3
       1
       2
       1
       3
       3
       2
       0
       2
       5
       3
       3
       1
       3
       2
       0
       2
       2
       2
       2
       2
       0
       5
       5
       3
       5
       3
       3
       4
       1
       1
       5
       1
       2
       2
       3
       2
       1
       4
       3
       3
       2
       1
       1
       3
       1
       4
       2
       1
       2
       4
       0
       0
       1
       1
       2
       2
       0
       3
       2
       4
       3
       4
       3
       0
       1
       2
       1
       2
       0
       0
       1
       1
       2
       3
       1
       0
       4
       4
       1
       2
       0
       0
       1
       2
       0
       4
       2
       4
       2
       1
       0
       1
       4
       2
       2
       1
       5
       2
       4
       1
       1
       2
       1
       2
       3
       2
       2
       2
       2
       0
       1
       2
       2
       0
       0
       1
       3
       2
       2
       2
       3
       2
       1
       3
       0
       3
       1
       2
       1
       2
       2
       0
       1
       1
       0
       1
       2
       4
       1
       3
       2
       0
       2
       0
       1
       1
       0
       1
       1
       1
       1
       0
       0
       1
       2
       2
       2
       1
       2
       2
       0
       1
       1
       2
       1
       0
       3
       1
       1
       0
       2
       2
       1
       1
       0
       1
       0
       3
       2
       2
       0
       3
       1
       2
       1
       2
       0
       3
       1
       4
       3
       1
       1
       0
       1
       1
       2
       3
       2
       1
       0
       0
       0
       0
       1
       1
       2
       2
       2
       1
       2
       2
       1
       0
       1
       1
       1
       1
       2
       0
       3
       1
       1
       1
       0
       1
       3
       0
       0
       0
       0
       2
       1
       2
       1
       1
       2
       1
       0
       2
       1
       0
       0
       2
       1
       0
       1
       0
       0
       2
       3
       2
       1
       0
       3
       2
       0
       0
       1
       4
       0
       1
       2
       1
       1
       0
       0
       1
       1
       2
       1
       0
       0
       1
       5
       0
       1
       1
       1
       1
       0
       1
       1
       1
       1
       2
       0
       2
       2
       0
       1
       5
       0
       0
       1
       1
       2
       3
       0
       0
       0
       1
       0
       1
       0
       3
       1
       1
       1
       1
       0
       4
       0
       2
       5
       0
       1
       1
       2
       2
       1
       0
       1
       2
       1
       1
       2
       0
       0
       0
       1
       0
       1
       2
       1
       2
       0
       2
       1
       2
       0
       1
       2
       2
       0
       2
       1
       1
       1
       1
       0
       0
       0
       0
       1
       0
       2
       0
       0
       2
       1
       2
       1
       1
       0
       4
       1
       3
       4
       1
       0
       3
       0
       2
       2
       2
       2
       2
       0
       1
       1
       0
       2
       2
       3
       2
       0
       2
       2
       0
       0
       0
       0
       0
       2
       0
       1
       0
       1
       1
       2
       0
       1
       0
       0
       1
       0
       1
       0
       2
       1
       0
       1
       0
       1
       1
       2
       2
       1
       1
       0
       1
       0
       2
       0
       1
       2
       1
       1
       0
       0
       1
       1
       1
       0
       0
       3
       0
       1
       0
       3
       3
       1
       0
       0
       0
       1
       2
       2
       0
       0
       2
       1
       1
       1
       0
       1
       1
       1
       1
       1
       1
       1
       0
       1
       0
       0
       0
       2
       0
       2
       0
       0
       1
       0
       0
       0
       2
       1
       1
       1
       0
       4
       1
       1
       0
       2
       1
       2
       2
       2
       1
       3
       1
       1
       1
       0
       0
       1
       1
       0
       0
       0
       1
       1
       2
       0
       0
       0
       2
       2
       1
       1
       0
       1
       2
       0
       1
       0
       1
       0
       1
       0
       0
       1
       1
       0
       1
       0
       0
       0
       0
       0
       2
       1
       2
       0
       1
       1
       0
       1
       0
       1
       0
       0
       0
       1
       1
       1
       1
       1
       1
       0
       0
       1
       0
       1
       1
       0
       0
       2
       0
       1
       2
       0
       0
       1
       0
       1
       0
       2
       1
       1
       1
       2
       0
       1
       0
       1
       1
       0
       1
       1
       2
       1
       1
       0
       3
       1
       0
       0
       1
       0
       1
       0
       0
       0
       1
       0
       0
       0
       0
       1
       0
       1
       0
       1
       1
       1
       0
       0
       3
       0
       0
       0
       0
       1
       0
       1
       1
       1
       0
       1
       1
       0
       0
       1
       2
       1
       0
       2
       0
       2
       0
       0
       0
       1
       0
       1
       0
       2
       0
       1
       0
       0
       1
       0
       1
       1
       1
       1
       0
       0
       0
       1
       0
       1
       1
       0
       1
       2
       0
       0
       0
       0
       1
       1
       1
       0
       1
       3
       0
       1
       0
       1
       0
       2
       0
       0
       0
       1
       1
       0
       1
       0
       0
       3
       1
       0
       0
       0
       3
       0
       1
       1
       1
       0
       2
       0
       0
       0
       0
       0
       0
       0
       1
       1
       2
       2
       0
       3
       0
       0
       0
       0
       4
       0
       1
       0
       0
       0
       0
       3
       0
       0
       1
       1
       0
       0
       0
       0
       0
       2
       0
       0
       0
       0
       1
       0
       2
       1
       1
       0
       0
       0
       0
       3
       0
       2
       0
       0
       0
       3
       0
       2
       4
       1
       1
       1
       2
       0
       1
       0
       1
       1
       2
       0
       2
       1
       1
       1
       2
       1
       3
       2
       0
       1
       3
       1
       4
       1
       3
       1
       0
       0
       0
       1
       0
       1
       0
       0
       0
       0
       0
       2
       1
       0
