$SPEC_ID:
No sample description was entered.
$SPEC_REM:
DET# 1
DETDESC# FP02 MCB 25
AP# Maestro Version 6.02
$DATE_MEA:
06/13/2017 12:06:49
$MEAS_TIM:
5839 5848
$DATA:
0 2047
       0
       0
       0
       0
       0
       0
       0
       0
       0
       0
       0
       0
       0
       0
       0
       0
       0
       0
       0
       0
       0
       0
       0
       0
       0
       0
       0
       0
       0
       0
       0
       0
       1
       6
       2
       3
       3
       5
       3
       6
       1
       2
       4
       5
       2
       6
       6
       6
       2
       7
       0
       7
       2
       2
      67
    1966
    2684
    2712
    2681
    2740
    2804
    2817
    2845
    2895
    3002
    3020
    3043
    3074
    2957
    3216
    3143
    3218
    3153
    3138
    3188
    3269
    3245
    3209
    3290
    3331
    3291
    3324
    3314
    3219
    3221
    3182
    3225
    3217
    3237
    3225
    3273
    3080
    3269
    3177
    3109
    3107
    3088
    3114
    3081
    3047
    3017
    3004
    2999
    2991
    2998
    2962
    2962
    2940
    2959
    2849
    2844
    2891
    2771
    2664
    2706
    2694
    2652
    2666
    2618
    2547
    2558
    2474
    2587
    2429
    2471
    2539
    2520
    2360
    2415
    2322
    2299
    2302
    2335
    2313
    2257
    2277
    2243
    2184
    2178
    2193
    2076
    2181
    2131
    2095
    2099
    1995
    2032
    1964
    1984
    1903
    1857
    1926
    1921
    1887
    1804
    1835
    1768
    1733
    1833
    1733
    1712
    1691
    1664
    1687
    1653
    1630
    1536
    1655
    1637
    1607
    1531
    1541
    1489
    1417
    1426
    1412
    1447
    1368
    1320
    1339
    1321
    1323
    1306
    1258
    1271
    1258
    1303
    1195
    1205
    1162
    1212
    1172
    1114
    1157
    1082
    1116
    1098
    1023
    1062
    1006
    1111
    1015
     996
     970
     996
     935
    1008
     949
     944
     977
     914
     895
     870
     914
     819
     900
     837
     863
     855
     841
     747
     798
     812
     790
     753
     767
     751
     716
     735
     724
     730
     684
     737
     681
     705
     704
     723
     641
     654
     653
     647
     652
     618
     649
     652
     611
     632
     589
     586
     580
     613
     575
     612
     560
     577
     567
     580
     581
     554
     597
     526
     482
     518
     578
     516
     562
     557
     528
     543
     534
     489
     512
     509
     521
     515
     459
     484
     491
     494
     450
     507
     468
     457
     525
     438
     468
     492
     455
     447
     435
     446
     459
     442
     451
     455
     440
     447
     451
     409
     382
     427
     482
     420
     429
     400
     427
     419
     426
     393
     432
     394
     429
     374
     361
     384
     417
     389
     399
     415
     386
     349
     416
     399
     357
     357
     366
     377
     369
     388
     386
     349
     354
     374
     345
     384
     320
     365
     354
     348
     333
     344
     340
     345
     346
     338
     354
     366
     326
     304
     308
     333
     290
     303
     322
     324
     318
     300
     290
     281
     278
     276
     294
     254
     280
     262
     272
     272
     275
     258
     237
     245
     259
     264
     248
     232
     240
     244
     245
     225
     222
     236
     221
     214
     205
     224
     222
     209
     200
     205
     220
     239
     178
     198
     199
     190
     190
     191
     194
     172
     177
     178
     174
     196
     165
     172
     174
     189
     159
     167
     199
     161
     180
     162
     154
     161
     165
     176
     166
     154
     178
     159
     151
     153
     147
     164
     156
     148
     164
     136
     163
     142
     141
     153
     160
     162
     144
     149
     145
     184
     148
     172
     133
     162
     170
     167
     142
     155
     175
     162
     183
     167
     178
     172
     189
     187
     174
     176
     188
     183
     181
     196
     198
     192
     202
     187
     201
     238
     249
     218
     256
     244
     261
     266
     242
     296
     234
     318
     294
     316
     297
     300
     313
     347
     311
     358
     389
     366
     361
     397
     426
     407
     393
     412
     449
     484
     444
     479
     434
     447
     482
     475
     509
     522
     478
     468
     476
     536
     522
     524
     574
     505
     569
     550
     537
     536
     536
     522
     550
     539
     567
     550
     535
     544
     547
     525
     526
     527
     528
     489
     524
     514
     569
     461
     507
     483
     480
     464
     460
     433
     461
     444
     450
     422
     437
     433
     399
     440
     385
     404
     427
     404
     382
     386
     391
     383
     338
     367
     329
     338
     329
     320
     310
     307
     288
     288
     258
     274
     284
     240
     259
     261
     224
     241
     239
     276
     217
     229
     231
     218
     195
     211
     221
     158
     183
     194
     196
     169
     189
     170
     152
     146
     146
     152
     133
     128
     162
     147
     127
     121
     125
     126
     119
     122
     101
     114
     137
     127
      95
      97
      86
      96
      87
      82
      89
      84
      87
      86
      95
      88
      76
      95
      83
      68
      77
      92
      68
      88
      71
      77
      64
      67
      58
      67
      58
      85
      63
      61
      72
      71
      61
      67
      72
      79
      74
      49
      64
      60
      60
      65
      53
      68
      62
      50
      59
      59
      50
      46
      53
      62
      49
      68
      60
      46
      55
      53
      47
      63
      55
      60
      48
      61
      52
      47
      67
      56
      67
      53
      49
      51
      67
      66
      47
      48
      67
      57
      53
      55
      55
      55
      62
      43
      65
      52
      46
      57
      49
      56
      66
      61
      67
      42
      47
      63
      61
      40
      53
      47
      58
      58
      58
      40
      58
      46
      55
      55
      53
      42
      57
      43
      54
      53
      56
      42
      46
      55
      49
      44
      72
      45
      56
      47
      46
      45
      54
      65
      42
      43
      38
      55
      45
      61
      46
      51
      49
      52
      59
      58
      49
      43
      50
      55
      58
      67
      59
      44
      58
      50
      39
      45
      46
      36
      37
      52
      57
      52
      46
      40
      50
      36
      35
      61
      44
      49
      41
      45
      41
      48
      47
      51
      31
      58
      32
      43
      29
      51
      48
      44
      45
      42
      37
      45
      32
      48
      42
      40
      37
      29
      47
      33
      35
      38
      43
      31
      48
      25
      39
      38
      36
      27
      36
      33
      30
      41
      44
      45
      26
      46
      31
      35
      40
      43
      41
      22
      40
      39
      39
      40
      36
      41
      40
      34
      34
      27
      42
      30
      34
      51
      35
      48
      55
      43
      38
      36
      39
      39
      34
      34
      37
      41
      39
      35
      31
      42
      34
      31
      42
      33
      36
      39
      38
      50
      31
      39
      34
      32
      32
      33
      26
      39
      30
      37
      33
      35
      31
      28
      38
      30
      44
      42
      30
      37
      40
      30
      22
      30
      30
      34
      36
      48
      28
      29
      35
      31
      24
      22
      38
      33
      35
      19
      26
      30
      22
      39
      23
      35
      16
      34
      33
      29
      26
      23
      30
      28
      27
      34
      35
      26
      29
      32
      21
      32
      26
      24
      28
      32
      36
      21
      37
      21
      23
      25
      15
      15
      26
      25
      24
      26
      30
      24
      31
      28
      18
      31
      21
      21
      21
      18
      33
      20
      22
      32
      26
      20
      27
      15
      18
      22
      21
      21
      17
      27
      17
      21
      19
      18
      18
      31
      26
      19
      23
      19
      19
      24
      13
      23
      25
      19
      12
      14
      16
       7
      13
      20
      20
      12
      19
      18
      20
      24
      20
      14
      18
      15
      15
      28
      20
      20
      20
      16
      24
      17
      18
      15
      20
      14
      14
      11
      14
      24
      14
      17
      12
      26
      23
      17
      31
      18
      19
      12
      15
      19
      17
      17
      14
      13
      14
      16
      25
      18
      14
      17
      13
      24
      21
      33
      22
      15
      14
      12
      24
      21
      19
      15
      16
      11
      15
      15
      14
      23
      13
      22
      23
      17
      19
      21
      18
      15
      24
      15
      22
      23
      32
      20
      17
      19
      24
      13
      18
      21
      16
      21
      23
      17
      19
      19
      21
      14
      18
      12
      15
      22
      19
      20
      25
      18
      19
      26
      19
      25
      26
      22
      18
      19
      10
      20
      24
      27
      24
      23
      22
      24
      22
      22
      31
      20
      18
      25
      24
      27
      26
      22
      19
      27
      22
      29
      28
      19
      17
      19
      14
      17
      22
      18
      25
      21
      23
      31
      25
      14
      22
      23
      12
      15
      18
      20
      13
      31
      21
      25
      14
      16
      23
      12
      12
      16
      24
      21
      14
      20
      18
      18
      31
      22
      25
      22
      20
      15
      16
      21
      18
      20
      14
      20
      13
      24
      24
      10
      16
      21
      22
      16
      18
      10
      11
      15
      17
      15
      15
      14
      26
      15
      14
      12
      17
      15
      18
      13
      12
      16
      15
      18
      14
      20
       9
      15
      16
      12
      14
      14
      12
      11
      15
      12
       9
      13
      13
      14
      20
      17
      23
      12
       9
      10
      11
      12
      11
      11
      17
      13
       5
      11
      11
      13
       7
       9
       6
       8
      10
      16
      18
       7
       9
      11
      11
      10
      10
       9
       6
      11
      10
      11
       6
      10
      11
      10
       4
      10
       6
      11
      12
      10
      11
       9
       6
       7
      10
       6
       8
       7
       8
       3
      17
       3
      10
      13
       7
       7
       4
       8
       6
       4
       4
       7
       6
      10
      10
      14
       6
       8
      17
       6
       6
       8
       9
       7
      10
       7
       9
       3
       5
       6
       5
       9
       6
       6
       6
       4
       7
       4
       6
       6
       2
       6
       8
       3
       9
       3
       3
       8
       4
       8
       7
       5
       2
       4
       7
       8
       4
       7
       3
       5
       5
       9
       7
       6
       6
       7
       5
       4
       7
      10
       5
       7
       4
       4
       2
      13
       4
       6
       5
       2
       3
       6
       7
       7
       7
       5
       8
       3
       7
       4
       4
       4
       3
       5
       2
       2
       5
       5
       4
       6
       5
       6
       1
       7
       7
       4
       4
       3
       5
       4
       3
       5
       3
       3
       8
       3
       6
       5
       6
       6
       6
       5
       7
       9
       7
       2
       3
       6
       4
       6
       6
       5
       3
       2
       6
       4
       3
       4
       3
      11
       4
       4
       7
       4
       5
       2
       2
       7
       0
       4
       7
       6
       5
       2
       4
       7
       4
       6
       3
       5
       6
       5
       5
       8
       2
       3
       2
       3
       4
       2
       5
       5
       3
       3
       8
       3
       5
       2
       5
       4
       3
       0
       3
       5
       1
       7
       2
       7
       0
       6
       0
       3
       4
       4
       4
       4
       2
       4
       2
       6
       4
      14
       4
       5
       0
       1
       3
       0
       1
       5
       2
       1
       2
       2
       6
       3
       2
       1
       2
       3
       7
       3
       1
       4
       7
       3
       2
       4
       3
       3
       7
       2
       4
       4
       1
       8
       3
       3
       5
       1
       0
       6
       1
       2
       3
       3
       1
       2
       3
       6
       2
       2
       1
       3
       4
       2
       3
       2
       5
       4
       2
       3
       4
       2
      10
       2
       4
       5
       4
       4
       3
       4
       3
       2
       4
       0
       2
       3
       1
       1
       3
       1
       5
       0
       1
       6
       2
       3
       3
       4
       1
       5
       1
       3
       4
       3
       6
       7
       5
       5
       3
       2
       3
       2
       2
       2
       3
       1
       3
       6
       4
       2
       3
       4
       4
       8
       7
       2
       4
       3
       5
       1
       4
       4
       3
       2
       2
       0
       2
       4
       1
       2
       7
       3
       1
       7
       4
       6
       5
       4
       3
       2
       5
       1
       5
       6
       2
       4
       0
       3
       4
       2
       7
       6
       3
       3
       0
       2
       4
       2
       1
       3
       5
       3
       1
       4
       4
       2
       2
       5
       3
       0
       1
       1
       3
       2
       0
       2
       6
       6
       3
       4
      10
       3
       3
       3
       2
       6
       3
       3
       2
       4
       3
       4
       4
       2
       4
       6
       1
       2
       2
       2
       5
       2
       4
       3
       2
       1
       4
       5
       4
       6
       3
       1
       3
       4
       4
       2
       3
       4
       2
       1
       1
       2
       3
       6
       8
       2
       2
       5
       4
       3
       5
       3
       2
       5
       5
       0
       7
       3
       3
       4
       3
       2
       5
       3
       2
       2
       5
       1
       3
       1
       4
       6
       2
       1
       2
       4
       1
       2
       3
       1
       1
       4
       2
       1
       3
       2
       1
       1
       2
       0
       1
       1
       2
       2
       1
       1
       5
       3
       2
       1
       3
       1
       4
       5
       2
       1
       0
       2
       8
       1
       2
       4
       0
       0
       2
       3
       0
       1
       2
       3
       2
       4
       1
       1
       1
       3
       1
       3
       4
       1
       4
       0
       3
       4
       0
       2
       1
       0
       2
       3
       2
       2
       1
       2
       2
       1
       3
       2
       4
       2
       1
       0
       4
       0
       2
       2
       1
       3
       0
       0
       1
       2
       3
       1
       1
       0
       5
       0
       1
       1
       3
       3
       0
       2
       2
       3
       1
       0
       1
       1
       7
       3
       4
       4
       1
       0
       0
       2
       0
       2
       1
       1
       2
       1
       3
       4
       1
       1
       3
       5
       2
       1
       3
       2
       4
       5
       3
       4
       0
       2
       3
       3
       3
       2
       1
       1
       2
       1
       2
       4
       4
       2
       2
       0
       2
       0
       1
       2
       2
       1
       1
       1
       4
       3
       4
       1
       0
       0
       2
       2
       0
       4
       0
       0
       2
       2
       1
       0
       3
       0
       1
       2
       4
       0
       3
       2
       3
       5
       6
       2
       0
       1
       4
       2
       2
       3
       0
       1
       1
       0
       5
       0
       0
       3
       2
       2
       2
       1
       2
       4
       1
       0
       4
       2
       0
       4
       3
       2
       4
       2
       3
       2
       1
       1
       4
       2
       0
       2
       1
       3
       1
       3
       2
       0
       3
       2
       3
       4
       2
       2
       1
       3
       1
       1
       0
       3
       0
       3
       3
       5
       4
       1
       1
       2
       1
       2
       4
       4
       0
       2
       5
       2
       3
       2
       2
       2
       2
       1
       3
       2
       3
       4
       2
       4
       1
       2
       1
       5
       0
       4
       2
       6
       2
       1
       1
       1
       1
       1
       0
       8
       1
       3
       2
       4
       5
       7
       6
       3
       3
       1
       3
       1
       4
       4
       3
       3
       3
       5
       5
       3
       3
       2
       0
       6
       4
       4
       1
       1
       3
       2
       2
       3
       0
       2
       1
       3
       1
       2
       2
       2
       1
       2
       1
       2
       1
$ROI:
0
$PRESETS:
None
0
0
$ENER_FIT:
0.000000 0.000000
$MCA_CAL:
3
0.000000E+000 0.000000E+000 0.000000E+000
$SHAPE_CAL:
3
0.000000E+000 0.000000E+000 0.000000E+000
