$SPEC_ID:
No sample description was entered.
$SPEC_REM:
DET# 1
DETDESC# FP02 MCB 25
AP# Maestro Version 6.02
$DATE_MEA:
06/13/2017 10:25:31
$MEAS_TIM:
1886 1890
$DATA:
0 2047
       0
       0
       0
       0
       0
       0
       0
       0
       0
       0
       0
       0
       0
       0
       0
       0
       0
       0
       0
       0
       0
       0
       0
       0
       0
       0
       0
       0
       0
       0
       0
       0
       2
       2
       3
       1
       2
       0
       0
       0
       4
       0
       1
       0
       1
       1
       0
       3
       1
       2
       0
       2
       1
       1
      24
     686
     940
     958
     987
     989
    1056
    1002
    1028
    1096
    1053
    1084
    1124
    1122
    1130
    1173
    1084
    1117
    1134
    1164
    1124
    1096
    1201
    1174
    1172
    1162
    1085
    1166
    1124
    1124
    1114
    1160
    1113
    1161
    1104
    1094
    1104
    1090
    1095
    1053
    1084
    1096
    1044
    1081
    1091
    1072
    1016
    1028
    1004
    1048
    1021
    1006
    1016
    1017
     994
    1030
     976
    1015
    1032
    1003
     970
     951
     998
     984
     916
     958
     951
     861
     938
     948
     964
     888
     905
     874
     902
     854
     887
     876
     839
     870
     816
     786
     793
     823
     824
     819
     803
     830
     860
     767
     731
     774
     771
     746
     723
     785
     712
     726
     728
     695
     723
     733
     681
     657
     680
     643
     660
     667
     677
     656
     641
     638
     619
     628
     612
     622
     588
     583
     596
     616
     588
     512
     534
     559
     533
     541
     513
     535
     499
     522
     527
     521
     546
     488
     464
     497
     490
     486
     502
     452
     414
     467
     460
     446
     417
     432
     429
     437
     435
     407
     437
     414
     436
     414
     409
     376
     375
     381
     382
     380
     360
     345
     367
     363
     357
     368
     342
     346
     330
     333
     354
     314
     320
     320
     344
     320
     293
     312
     352
     313
     305
     353
     314
     297
     326
     259
     306
     261
     259
     321
     278
     310
     289
     264
     288
     250
     270
     271
     292
     279
     258
     262
     231
     279
     256
     241
     273
     274
     266
     261
     286
     267
     260
     235
     259
     247
     233
     232
     267
     266
     235
     262
     243
     253
     255
     240
     272
     281
     253
     213
     229
     236
     218
     248
     277
     240
     215
     258
     235
     284
     229
     228
     211
     221
     233
     241
     217
     220
     229
     227
     235
     214
     221
     213
     215
     203
     216
     204
     229
     197
     234
     211
     212
     219
     213
     216
     223
     213
     234
     207
     202
     198
     196
     197
     207
     188
     191
     209
     179
     209
     187
     173
     207
     218
     200
     203
     201
     191
     191
     181
     197
     178
     190
     157
     196
     196
     185
     187
     182
     165
     161
     160
     163
     167
     133
     168
     157
     163
     170
     141
     155
     147
     140
     128
     136
     133
     129
     154
     111
     133
     138
     103
     112
     126
     130
     120
     108
     110
     100
     125
      91
     113
     106
     107
      97
      96
      90
     101
      95
     100
     102
      88
      81
      84
      82
      86
      80
      80
      65
      81
      72
      88
      71
      70
      77
      92
      70
      68
      71
      80
      67
      79
      97
      75
      62
      65
      64
      74
      77
      65
      74
      67
      54
      55
      63
      67
      61
      61
      54
      65
      69
      67
      56
      72
      65
      79
      62
      64
      80
      70
      76
      75
      65
      76
      69
      79
      77
      81
      83
     104
      82
      83
      97
     106
     112
     105
      94
      99
     118
     117
     104
     139
     157
     149
     135
     155
     141
     154
     152
     169
     180
     183
     209
     185
     215
     232
     199
     198
     265
     235
     239
     258
     263
     270
     277
     288
     303
     290
     301
     319
     342
     365
     295
     317
     344
     400
     336
     367
     347
     380
     386
     373
     406
     381
     436
     371
     409
     385
     429
     406
     400
     392
     448
     421
     443
     395
     404
     426
     420
     451
     409
     384
     412
     452
     438
     413
     417
     401
     374
     369
     390
     390
     403
     388
     395
     368
     370
     365
     347
     321
     324
     332
     298
     318
     321
     304
     273
     290
     289
     268
     258
     292
     268
     282
     253
     233
     251
     229
     225
     239
     205
     218
     194
     204
     198
     190
     196
     174
     195
     163
     173
     164
     149
     133
     127
     125
     155
     123
     110
     123
     157
     127
     102
     103
     123
     109
     107
     101
      98
      99
      78
      89
      67
      80
      84
      89
      92
      70
      59
      45
      69
      69
      57
      54
      44
      55
      61
      48
      51
      44
      36
      47
      39
      38
      28
      36
      34
      38
      32
      37
      32
      40
      25
      31
      36
      25
      34
      31
      24
      27
      24
      21
      27
      24
      22
      33
      16
      23
      20
      20
      28
      29
      28
      25
      22
      16
      22
      26
      19
      19
      16
      13
      16
      26
      30
      25
      17
      19
      15
      21
      18
      24
      18
      14
      18
      23
      20
      17
      22
      12
      15
      10
      18
      15
      21
      21
      19
      26
      12
      28
      24
      25
      21
      10
      18
      16
      12
      15
      18
      26
      13
      20
      14
      21
      17
      20
      16
      16
      20
      16
      12
      16
      21
      20
      15
      14
      19
      17
      14
      18
      18
      30
      27
      15
      15
      12
      19
      17
      15
      18
      18
      18
      17
      18
      20
      17
      20
      20
      22
      12
      18
      21
      13
      23
      19
      24
      21
      16
      18
      17
      13
      23
      16
      15
      20
      10
      17
      16
      13
      18
      14
      14
      25
      17
      18
      18
      10
      19
      12
      16
      16
       8
      23
      20
      16
      18
      12
      12
      25
      20
      12
       6
      13
      14
      11
      17
      16
      13
      16
      18
      14
      16
      14
      10
      13
      14
      14
      10
      10
      14
      12
      14
      17
       8
      11
      13
      14
      20
      12
      17
      13
      11
      15
       8
      11
      14
      12
      16
      14
      11
      12
      11
      12
      12
      18
      14
      12
      12
      15
       8
       9
      14
      10
      10
       9
      16
       9
       9
       7
      14
      12
      14
       7
      10
      15
      17
       7
      12
      14
      15
       8
      17
      11
       9
      10
      13
      11
       8
      13
      12
      13
       9
      13
       8
      17
      10
       6
      18
      16
       8
      11
      11
       9
      17
      10
      11
      14
       6
      17
       6
      13
       8
      15
       9
      12
      10
       8
       6
      11
      12
       9
      12
      11
      11
       9
      11
       9
      16
      15
       4
      11
       9
      15
      15
      10
       7
       9
      10
      12
      14
      12
       9
      19
       6
      14
      11
       6
       6
       6
       6
       9
       6
      12
      10
       7
       6
      12
      12
       7
       8
      11
      10
      14
       6
      16
       5
      11
       6
       6
      12
       4
      12
       7
       7
      12
      10
       7
       4
       9
       9
       7
       3
      12
       7
      13
       4
       5
       6
       5
      13
       8
       7
       8
       3
       7
      12
       7
       3
       7
       8
       7
      12
       9
       3
       6
       1
       3
       7
       5
       7
      11
       9
       9
       7
       5
       8
       2
       8
       6
       5
       9
       4
       4
       5
       7
       5
       5
       6
       5
       6
       9
       7
       7
       9
       5
       4
       4
       7
       5
       4
       7
      10
       5
       6
       5
      11
       3
       1
       7
       5
       4
       2
       7
       6
       3
       5
       8
       6
       7
       5
       4
       5
       4
       6
       7
      12
       7
      11
       6
       1
       4
       9
       7
       9
       4
       3
       7
       4
       8
       6
       3
       6
       5
       4
       7
       7
       7
       4
       9
       6
       7
       6
       4
       5
       3
       7
      10
       6
       0
       6
       3
      10
       6
       7
       4
       6
       8
      13
       8
       9
       4
       6
       3
       5
       4
       8
       7
       8
       9
       5
       8
      12
       6
      10
       2
       4
      13
       6
       4
       5
       6
       5
       6
       5
      10
      10
       5
      10
       9
       8
      12
       9
       6
       6
       4
      11
       8
       8
       7
       8
       3
      12
       7
       9
       4
       5
       4
       5
       8
       8
       7
       9
       9
      10
       7
       9
       7
       8
       9
       8
       6
       7
       9
       4
       8
       4
      10
      11
       5
       9
       4
       9
       5
      10
       5
       6
       4
       7
       6
       7
       8
      12
       6
       7
       8
       7
       8
       4
       6
       7
       8
       7
       7
       4
       9
       4
       7
       8
       5
       4
       7
       2
       5
       8
       4
      11
       5
       5
       2
       5
       8
       6
       4
       4
       6
       5
       8
       3
       4
       4
       6
       3
       2
       3
       5
       9
       7
       6
       4
       7
       7
       6
       4
       4
       2
       4
       6
       4
       3
       2
       3
       3
       8
       2
       2
       3
       8
       7
       2
       7
       6
       3
       5
       3
       3
       2
       1
       5
       4
       4
       4
       6
       4
       4
       1
       5
       3
       1
       4
       3
       1
       1
       2
       2
       6
       4
       2
       4
       3
       5
       4
       3
       2
       2
       2
       3
       2
       2
       1
       5
       2
       4
       5
       0
       1
       0
       1
       0
       0
       2
       2
       1
       1
       3
       6
       1
       3
       1
       3
       2
       2
       2
       2
       0
       3
       0
       5
       2
       2
       3
       2
       2
       3
       2
       0
       2
       3
       1
       2
       0
       1
       3
       2
       4
       0
       3
       0
       3
       1
       1
       1
       1
       4
       1
       2
       7
       2
       2
       1
       0
       1
       1
       5
       3
       6
       2
       1
       1
       1
       0
       3
       2
       2
       1
       1
       2
       4
       0
       1
       3
       0
       1
       1
       3
       4
       1
       1
       1
       4
       3
       1
       0
       1
       3
       1
       2
       2
       3
       1
       0
       3
       0
       3
       3
       2
       1
       2
       1
       2
       3
       1
       1
       0
       1
       1
       1
       2
       2
       2
       2
       1
       2
       2
       3
       0
       3
       1
       1
       3
       1
       1
       0
       1
       0
       1
       1
       1
       1
       0
       0
       0
       2
       3
       3
       0
       1
       0
       0
       5
       2
       0
       2
       0
       2
       2
       1
       1
       2
       1
       2
       0
       2
       1
       2
       0
       2
       0
       1
       2
       1
       1
       0
       0
       1
       1
       1
       1
       1
       1
       0
       2
       4
       2
       2
       1
       1
       1
       0
       0
       2
       1
       1
       3
       0
       3
       2
       1
       1
       2
       2
       0
       1
       0
       1
       0
       2
       1
       1
       0
       0
       1
       2
       1
       0
       3
       0
       2
       0
       0
       0
       1
       2
       1
       0
       1
       1
       1
       4
       0
       2
       4
       1
       0
       2
       2
       1
       1
       2
       0
       0
       1
       1
       1
       4
       0
       1
       1
       0
       1
       1
       1
       2
       1
       4
       0
       0
       3
       1
       1
       1
       0
       1
       1
       1
       3
       5
       2
       2
       0
       2
       1
       0
       1
       2
       1
       0
       3
       2
       2
       1
       0
       1
       0
       0
       1
       1
       0
       0
       0
       1
       2
       0
       3
       2
       0
       0
       0
       1
       0
       0
       1
       0
       0
       1
       2
       0
       2
       2
       1
       0
       0
       1
       1
       0
       3
       2
       1
       1
       2
       0
       0
       3
       0
       0
       1
       1
       1
       4
       3
       0
       2
       2
       0
       0
       0
       0
       1
       0
       1
       0
       2
       1
       0
       2
       0
       2
       1
       0
       0
       1
       0
       1
       1
       1
       1
       0
       1
       3
       2
       1
       0
       2
       0
       2
       1
       1
       0
       1
       2
       1
       2
       1
       1
       0
       1
       2
       0
       0
       2
       1
       0
       1
       0
       0
       2
       2
       0
       0
       1
       1
       1
       1
       0
       3
       0
       1
       0
       1
       3
       0
       0
       0
       0
       1
       1
       0
       1
       1
       1
       0
       1
       0
       1
       0
       3
       2
       0
       2
       0
       0
       3
       3
       1
       3
       1
       0
       2
       1
       0
       1
       1
       1
       0
       2
       3
       0
       0
       4
       0
       5
       0
       0
       2
       1
       0
       2
       0
       1
       0
       0
       1
       2
       0
       0
       1
       1
       2
       0
       1
       2
       2
       2
       1
       2
       2
       1
       1
       1
       4
       0
       0
       0
       1
       1
       0
       0
       0
       0
       2
       1
       2
       0
       0
       1
       1
       0
       0
       2
       1
       1
       0
       2
       1
       2
       1
       0
       1
       0
       0
       3
       1
       0
       0
       1
       1
       0
       1
       1
       0
       1
       1
       2
       0
       1
       0
       1
       1
       0
       2
       1
       1
       2
       0
       0
       1
       0
       1
       0
       3
       1
       1
       0
       1
       1
       1
       0
       0
       1
       0
       1
       0
       0
       1
       0
       0
       1
       0
       0
       0
       0
       1
       2
       1
       0
       0
       0
       3
       0
       1
       2
       0
       2
       1
       1
       0
       0
       0
       0
       1
       0
       0
       0
       0
       1
       2
       0
       2
       0
       0
       1
       0
       0
       2
       1
       0
       1
       1
       2
       1
       1
       2
       0
       1
       0
       1
       0
       0
       0
       0
       2
       0
       0
       1
       1
       1
       1
       1
       1
       0
       3
       1
       0
       1
       1
       0
       2
       0
       0
       1
       1
       0
       1
       0
       1
       0
       1
       1
       1
       0
       0
       2
       1
       0
       2
       0
       0
       0
       2
       0
       2
       1
       0
       1
       0
       1
       0
       0
       0
       1
       0
       0
       1
       1
       1
       2
       0
       0
       1
       0
       1
       1
       2
       1
       0
       0
       0
       0
       2
       0
       2
       1
       1
       2
       0
       0
       0
       0
       1
       1
       1
       0
       0
       0
       0
       0
       2
       2
       0
       0
       0
       0
       1
       0
       1
       0
       1
       1
       0
       0
       1
       0
       0
       0
       1
       2
       0
       1
       0
       0
       1
       1
       1
       0
       2
       3
       0
       0
       1
       0
       0
       0
       0
       0
       0
       0
       1
       0
       4
       0
       0
       1
       0
       0
       1
       0
       1
       1
       0
       0
       5
       0
       4
       5
       5
       5
       3
       2
       1
       3
       1
       3
       5
       7
       4
       7
       1
       1
       5
       4
       2
       2
       8
       1
       2
       1
       2
       2
       2
       3
       2
       0
       2
       2
       3
       1
       2
       2
       4
       3
       0
       3
       0
       1
       2
$ROI:
0
$PRESETS:
None
0
0
$ENER_FIT:
0.000000 0.000000
$MCA_CAL:
3
0.000000E+000 0.000000E+000 0.000000E+000
$SHAPE_CAL:
3
0.000000E+000 0.000000E+000 0.000000E+000
