$SPEC_ID:
No sample description was entered.
$SPEC_REM:
DET# 1
DETDESC# FP02 MCB 25
AP# Maestro Version 6.02
$DATE_MEA:
06/13/2017 10:59:40
$MEAS_TIM:
1854 1859
$DATA:
0 2047
       0
       0
       0
       0
       0
       0
       0
       0
       0
       0
       0
       0
       0
       0
       0
       0
       0
       0
       0
       0
       0
       0
       0
       0
       0
       0
       0
       0
       0
       0
       0
       0
       1
       0
       1
       1
       0
       1
       1
       0
       1
       1
       1
       0
       1
       3
       3
       2
       1
       2
       2
       1
       0
       0
      80
    2867
    3619
    3575
    3597
    3402
    3395
    3259
    3038
    3083
    2955
    2852
    2770
    2660
    2569
    2442
    2438
    2419
    2232
    2190
    2141
    2153
    2044
    1969
    1855
    1931
    1816
    1785
    1754
    1695
    1673
    1630
    1626
    1634
    1544
    1575
    1484
    1543
    1514
    1508
    1446
    1476
    1364
    1389
    1470
    1398
    1410
    1421
    1423
    1387
    1380
    1450
    1316
    1380
    1263
    1315
    1379
    1307
    1356
    1316
    1310
    1388
    1286
    1337
    1299
    1262
    1293
    1276
    1279
    1281
    1208
    1223
    1293
    1252
    1263
    1193
    1247
    1169
    1160
    1259
    1167
    1224
    1115
    1161
    1159
    1148
    1108
    1159
    1089
    1091
    1135
    1031
    1052
    1057
    1061
    1073
    1039
     992
    1057
     982
    1003
     992
    1023
    1002
    1048
     981
    1018
     918
     905
     935
     934
     936
     921
     883
     865
     864
     860
     881
     881
     844
     884
     832
     830
     799
     834
     770
     800
     785
     773
     779
     706
     709
     755
     736
     772
     707
     653
     706
     719
     673
     675
     729
     664
     635
     638
     659
     619
     626
     670
     644
     620
     613
     666
     623
     620
     624
     569
     616
     605
     640
     615
     636
     597
     591
     614
     598
     621
     636
     580
     657
     647
     591
     606
     587
     610
     587
     578
     634
     595
     629
     604
     572
     599
     604
     591
     670
     620
     590
     629
     570
     615
     579
     627
     571
     601
     598
     598
     598
     623
     628
     590
     608
     631
     575
     631
     598
     651
     601
     605
     635
     582
     619
     628
     615
     580
     641
     639
     626
     566
     615
     600
     585
     583
     626
     632
     651
     595
     604
     644
     642
     621
     589
     596
     591
     618
     631
     653
     567
     608
     585
     594
     574
     521
     585
     582
     505
     505
     539
     510
     550
     469
     479
     507
     437
     463
     477
     435
     456
     455
     440
     438
     454
     428
     389
     421
     403
     345
     361
     368
     358
     323
     346
     309
     329
     346
     336
     270
     269
     286
     299
     293
     285
     275
     266
     282
     237
     247
     239
     229
     241
     215
     230
     251
     240
     236
     200
     227
     228
     201
     205
     203
     200
     219
     194
     190
     172
     183
     183
     198
     189
     163
     190
     174
     175
     153
     164
     166
     147
     166
     172
     173
     174
     175
     156
     134
     163
     139
     154
     153
     159
     132
     165
     145
     136
     161
     132
     143
     138
     124
     139
     135
     113
     146
     140
     134
     125
     122
     117
     127
     116
     137
     117
     126
     133
     109
     118
     134
     100
     125
     116
     132
     110
     111
     102
     105
     107
     124
     126
     102
      97
     104
     103
     113
      87
     103
     100
      88
     100
      93
     103
     100
      86
     104
     112
     105
     103
      97
     114
      93
     122
      99
      96
      96
     100
      98
     105
     115
     124
      96
     121
     103
      88
     126
     109
     118
     116
      99
     116
     129
     137
     136
     113
     134
     131
     143
     144
     124
     159
     144
     162
     141
     167
     160
     189
     146
     173
     164
     176
     189
     192
     198
     228
     170
     186
     194
     226
     212
     222
     219
     212
     237
     273
     229
     231
     238
     230
     275
     248
     255
     266
     291
     276
     287
     265
     270
     293
     284
     265
     267
     281
     266
     265
     246
     294
     274
     282
     265
     262
     285
     272
     291
     277
     280
     243
     285
     272
     274
     274
     270
     243
     246
     266
     298
     248
     253
     217
     232
     221
     207
     252
     221
     229
     249
     233
     221
     219
     234
     210
     204
     204
     210
     197
     221
     193
     201
     190
     155
     151
     181
     164
     159
     160
     159
     169
     147
     128
     135
     138
     140
     124
     122
     128
     140
     110
     122
     116
     116
     128
     126
     100
     109
      85
      85
     111
      95
      93
      83
      83
      93
      70
      86
      81
      69
      92
      77
      73
      73
      78
      79
      53
      66
      58
      55
      65
      68
      50
      69
      50
      53
      41
      58
      48
      44
      60
      41
      63
      46
      49
      42
      48
      41
      42
      40
      31
      39
      33
      43
      45
      39
      46
      40
      32
      41
      34
      35
      33
      44
      40
      43
      40
      46
      41
      47
      40
      41
      36
      32
      34
      49
      26
      26
      43
      27
      30
      24
      43
      37
      49
      36
      37
      39
      35
      37
      34
      32
      48
      41
      38
      48
      27
      41
      40
      49
      29
      33
      38
      40
      34
      27
      38
      48
      37
      37
      43
      29
      28
      37
      32
      30
      20
      26
      35
      45
      30
      30
      37
      33
      31
      39
      28
      35
      26
      42
      32
      37
      35
      25
      36
      51
      36
      36
      34
      32
      38
      37
      32
      40
      26
      27
      33
      38
      29
      46
      31
      37
      42
      27
      36
      33
      36
      28
      33
      32
      37
      30
      24
      28
      25
      27
      25
      32
      25
      27
      28
      29
      32
      26
      30
      33
      27
      25
      28
      21
      17
      30
      36
      32
      31
      27
      30
      27
      30
      33
      19
      31
      28
      22
      28
      17
      15
      25
      32
      21
      25
      20
      21
      30
      22
      34
      26
      22
      27
      34
      28
      24
      27
      28
      27
      12
      27
      18
      19
      29
      29
      30
      25
      19
      24
      25
      19
      23
      23
      26
      26
      21
      32
      34
      34
      21
      14
      22
      18
      19
      25
      28
      22
      19
      28
      21
      18
      28
      29
      25
      28
      20
      17
      31
      22
      17
      29
      29
      17
      17
      24
      22
      33
      26
      19
      30
      25
      23
      28
      30
      22
      33
      21
      30
      30
      35
      19
      27
      27
      25
      30
      27
      28
      26
      21
      27
      31
      25
      25
      22
      27
      31
      28
      34
      31
      26
      21
      25
      33
      20
      16
      30
      25
      35
      27
      36
      32
      27
      26
      27
      21
      26
      25
      41
      33
      27
      28
      25
      27
      23
      42
      18
      23
      32
      29
      25
      30
      29
      30
      31
      29
      29
      20
      28
      25
      18
      29
      29
      27
      26
      18
      16
      18
      20
      24
      19
      26
      21
      33
      22
      29
      27
      18
      26
      25
      30
      26
      19
      20
      26
      15
      20
      16
      24
      29
      31
      24
      20
      26
      27
      20
      24
      19
      16
      14
      29
      22
      30
      18
      20
      16
      27
      15
      17
      28
      20
      23
      21
      15
      19
      20
      19
      24
      23
      14
      20
      19
      22
      23
      16
      22
      22
      29
      16
      24
      32
      18
      22
      23
      18
      26
      19
      20
      17
      18
      18
      19
      19
      29
      22
      23
      21
      19
      18
      17
      21
      25
      15
      17
      23
      21
      19
      19
      25
      15
      13
      21
      18
      12
      23
       9
      13
      13
      26
      17
      19
      14
      17
      25
      18
      22
      17
      13
      19
      16
      18
      17
      21
      24
      14
      15
      21
      14
      20
      18
      16
      14
      18
      12
      19
      15
      14
      15
      13
      17
      17
      13
      22
      17
      15
      15
      16
      16
      14
      12
      11
      11
      15
      13
      14
      22
      21
       9
      17
      10
      17
      16
      10
      18
      15
      16
      17
      12
      16
      13
      17
      15
      17
      16
      12
      16
      14
      22
      13
      14
      18
      21
      15
       6
      13
      10
      15
      14
      14
      13
       5
       8
      11
      13
      13
       6
       7
      11
       9
      11
      11
      14
       9
      12
      17
       9
      16
      16
      13
      13
      13
      16
       7
       7
       7
      12
      14
      12
       7
      13
       7
      10
       9
       8
      10
      11
       6
      11
      14
       8
      11
       9
      14
       8
       7
       5
       6
      11
       7
       7
       5
       4
       8
       5
       6
       7
       9
       9
       8
       5
       2
       8
      11
       5
       4
       3
       5
       7
       7
       8
       6
       2
       4
       5
       9
       5
       3
       6
       6
       7
       6
       3
       7
       6
      10
       1
       5
       7
       4
       6
       5
       4
       5
       5
       5
       5
       2
       4
       5
       1
       8
       3
       2
       1
       5
       1
       6
       2
       4
       8
       3
       6
       5
       7
       9
       6
       1
       4
       6
       2
       5
       4
       7
       4
       4
       8
       4
       5
       2
       5
       4
       2
       3
       1
       5
       2
       1
       2
       3
       4
       4
       1
       6
       5
       3
       4
       5
       1
       0
       1
       1
       0
       2
       6
       3
       3
       1
       6
       2
       2
       1
       1
       3
       3
       2
       0
       2
       4
       3
       3
       3
       3
       5
       1
       3
       3
       2
       5
       1
       2
       4
       1
       2
       0
       2
       2
       1
       2
       6
       1
       2
       2
       2
       1
       1
       1
       1
       2
       2
       0
       4
       1
       2
       2
       3
       5
       2
       3
       1
       0
       3
       2
       3
       2
       3
       1
       3
       4
       2
       1
       2
       6
       5
       3
       3
       4
       2
       4
       2
       2
       3
       4
       0
       2
       0
       2
       1
       4
       3
       0
       1
       1
       3
       3
       1
       1
       6
       4
       0
       0
       1
       2
       0
       1
       2
       0
       3
       3
       2
       1
       0
       1
       0
       2
       0
       0
       2
       1
       0
       2
       1
       3
       1
       1
       0
       2
       1
       0
       1
       0
       3
       1
       0
       0
       2
       2
       2
       2
       0
       0
       1
       0
       4
       3
       1
       3
       2
       0
       1
       1
       1
       0
       1
       3
       2
       2
       2
       1
       0
       4
       0
       3
       0
       0
       3
       3
       2
       4
       3
       2
       2
       0
       0
       4
       1
       1
       0
       1
       1
       2
       1
       1
       1
       1
       1
       0
       0
       1
       1
       1
       2
       1
       2
       1
       1
       0
       0
       2
       4
       1
       2
       1
       0
       0
       1
       1
       4
       1
       2
       0
       0
       1
       2
       3
       0
       0
       0
       0
       1
       0
       0
       1
       1
       1
       2
       1
       0
       1
       0
       2
       2
       1
       1
       2
       3
       0
       1
       2
       1
       0
       1
       1
       0
       1
       0
       3
       0
       2
       2
       0
       1
       0
       0
       1
       3
       0
       0
       3
       1
       1
       0
       1
       0
       2
       2
       0
       1
       2
       1
       1
       1
       1
       0
       2
       1
       1
       0
       0
       1
       1
       1
       1
       2
       1
       1
       0
       1
       0
       0
       1
       0
       1
       2
       0
       1
       0
       1
       1
       2
       1
       0
       1
       1
       0
       2
       0
       0
       1
       2
       1
       3
       0
       4
       0
       1
       1
       0
       1
       0
       2
       0
       0
       0
       0
       0
       4
       0
       1
       2
       0
       1
       0
       0
       0
       1
       0
       2
       1
       2
       3
       1
       2
       4
       1
       2
       2
       0
       0
       0
       2
       0
       1
       0
       1
       0
       1
       2
       0
       0
       4
       0
       0
       0
       3
       2
       1
       0
       0
       1
       2
       1
       1
       1
       0
       1
       1
       1
       1
       0
       3
       0
       2
       1
       0
       0
       0
       0
       1
       1
       1
       0
       1
       0
       1
       0
       1
       3
       1
       2
       0
       1
       0
       2
       0
       0
       1
       1
       3
       1
       0
       1
       0
       0
       0
       0
       1
       2
       2
       0
       2
       0
       0
       1
       1
       0
       0
       1
       0
       0
       3
       0
       1
       0
       0
       1
       1
       1
       3
       0
       4
       0
       1
       0
       0
       0
       1
       1
       1
       2
       0
       0
       0
       0
       1
       1
       1
       0
       1
       0
       1
       0
       3
       0
       0
       0
       3
       0
       1
       2
       2
       3
       0
       0
       1
       1
       0
       1
       2
       1
       0
       0
       1
       0
       4
       0
       2
       1
       0
       2
       1
       1
       0
       3
       1
       0
       1
       1
       1
       0
       1
       0
       0
       0
       0
       0
       1
       1
       0
       0
       0
       1
       4
       0
       0
       0
       3
       0
       1
       0
       2
       1
       0
       1
       1
       1
       0
       2
       0
       1
       2
       1
       1
       1
       0
       1
       2
       0
       1
       1
       0
       1
       3
       0
       0
       0
       1
       0
       1
       1
       0
       0
       0
       0
       1
       1
       1
       1
       0
       0
       0
       2
       1
       0
       0
       1
       1
       0
       1
       2
       0
       3
       0
       1
       0
       0
       1
       2
       0
       3
       0
       1
       0
       2
       0
       1
       1
       1
       1
       0
       1
       2
       1
       1
       0
       1
       0
       1
       0
       1
       0
       0
       2
       0
       0
       1
       4
       0
       2
       2
       1
       0
       2
       1
       0
       0
       0
       1
       1
       0
       1
       1
       0
       0
       2
       0
       0
       1
       1
       1
       1
       1
       1
       1
       3
       0
       0
       0
       0
       0
       0
       0
       0
       0
       2
       0
       2
       0
       0
       0
       1
       0
       0
       1
       2
       1
       2
       0
       0
       1
       0
       2
       0
       1
       0
       1
       0
       1
       0
       1
       0
       1
       0
       0
       0
       0
       0
       0
       0
       2
       1
       1
       1
       0
       1
       0
       0
       0
       1
       0
       1
       1
       2
       1
       0
       2
       1
       0
       0
       4
       1
       0
       3
       1
       0
       0
       0
       1
       0
       1
       0
       0
       0
       0
       0
       2
       0
       0
       0
       1
       0
       0
       1
       0
       0
       2
       0
       0
       2
       0
       3
       0
       1
       0
       2
       2
       0
       1
       1
       1
       0
       0
       1
       0
       0
       1
       0
       1
       1
       1
       0
       1
       2
       1
       4
       1
       3
       1
       1
       1
       1
       1
       0
       2
       3
       2
       2
       1
       0
       3
       1
       2
       3
       1
       0
       1
       2
       1
       0
       1
       1
       2
       2
       0
       0
       1
       3
       2
       1
       1
       0
       0
       2
       0
       0
       3
       3
$ROI:
0
$PRESETS:
None
0
0
$ENER_FIT:
0.000000 0.000000
$MCA_CAL:
3
0.000000E+000 0.000000E+000 0.000000E+000
$SHAPE_CAL:
3
0.000000E+000 0.000000E+000 0.000000E+000
