       0
       0
       0
       0
       0
       0
       0
       0
       0
       0
       0
       0
       0
       0
       0
       0
       0
       0
       0
       0
       0
       0
       0
       0
       0
       0
       0
       0
       0
       0
       0
       0
       0
       2
       3
       3
       1
       1
       4
       0
       2
       1
       2
       1
       1
       0
       5
       1
       3
       2
       2
       3
       4
       4
      42
     925
    1174
    1240
    1278
    1309
    1279
    1369
    1297
    1363
    1471
    1382
    1376
    1435
    1489
    1452
    1435
    1484
    1424
    1567
    1447
    1544
    1551
    1525
    1469
    1511
    1509
    1413
    1446
    1486
    1522
    1464
    1471
    1396
    1524
    1375
    1474
    1438
    1382
    1404
    1430
    1476
    1388
    1345
    1328
    1383
    1389
    1269
    1356
    1320
    1297
    1300
    1200
    1223
    1158
    1153
    1150
    1208
    1151
    1184
    1125
    1128
    1143
    1152
    1106
    1089
    1041
    1083
    1047
    1073
    1077
    1026
     992
    1024
     940
    1002
     995
     909
     913
     877
     926
     940
     909
     864
     886
     867
     836
     840
     788
     845
     822
     770
     745
     830
     701
     805
     765
     822
     713
     756
     750
     694
     707
     697
     680
     699
     642
     685
     658
     660
     619
     654
     627
     610
     608
     601
     621
     625
     594
     534
     567
     553
     569
     569
     548
     525
     532
     587
     531
     517
     504
     511
     500
     458
     527
     437
     458
     448
     476
     503
     504
     461
     470
     434
     442
     394
     449
     413
     408
     429
     394
     363
     413
     406
     379
     339
     409
     374
     401
     381
     403
     349
     341
     336
     318
     322
     335
     307
     343
     292
     327
     278
     313
     286
     314
     327
     317
     303
     282
     286
     290
     282
     236
     270
     279
     251
     276
     251
     259
     264
     240
     241
     245
     273
     276
     246
     218
     219
     220
     249
     228
     216
     235
     206
     202
     226
     197
     217
     192
     235
     222
     212
     200
     214
     177
     230
     184
     183
     172
     219
     201
     185
     209
     186
     218
     190
     182
     139
     161
     185
     183
     161
     170
     185
     182
     158
     165
     157
     159
     177
     162
     164
     196
     155
     166
     148
     155
     140
     148
     166
     142
     144
     128
     140
     141
     154
     147
     128
     123
     131
     133
     118
     126
     103
     102
     131
     121
     132
     139
     126
     122
     102
     117
     132
     128
     114
     122
     115
     120
     131
      97
     111
     111
     116
     121
     136
     114
     131
      93
     121
     105
      89
     105
     109
     126
      88
      90
      96
      99
      94
      99
      98
     110
      80
     100
      91
      98
      96
     102
      85
      94
      89
      92
      98
      91
     102
      77
      73
      90
     102
      97
      96
      93
      94
     103
      93
      90
      95
      78
      82
      98
      86
      97
      80
      89
      72
      81
      81
      78
      87
      89
      82
      96
      74
     102
      75
      82
      94
      79
      85
      76
      76
      79
      82
      80
      78
      79
      78
      78
      69
      81
     105
      81
      68
      78
      71
      74
      68
      77
      71
      67
      72
      69
      76
      81
      73
      64
      79
      63
      69
      70
      67
      71
      77
      64
      65
      71
      65
      62
      73
      73
      79
      58
      58
      78
      90
      67
      65
      67
      68
      69
      80
      63
      74
      64
      73
      65
      72
      66
      57
      73
      71
      68
      62
      77
      70
      82
      55
      47
      70
      59
      42
      67
      57
      55
      70
      61
      58
      77
      45
      68
      69
      72
      46
      57
      61
      58
      71
      47
      61
      63
      55
      62
      70
      49
      60
      67
      48
      64
      63
      57
      53
      48
      59
      50
      70
      58
      60
      40
      50
      40
      62
      43
      55
      57
      45
      59
      49
      46
      53
      51
      42
      52
      52
      51
      33
      36
      48
      70
      34
      50
      48
      52
      58
      42
      39
      40
      51
      51
      58
      54
      54
      45
      59
      47
      49
      41
      46
      51
      36
      44
      46
      42
      41
      48
      45
      31
      59
      39
      38
      43
      49
      40
      49
      42
      41
      45
      41
      35
      38
      51
      47
      42
      50
      36
      50
      53
      41
      43
      48
      41
      47
      45
      39
      42
      30
      41
      36
      37
      39
      45
      34
      37
      42
      47
      45
      43
      38
      37
      39
      47
      33
      40
      28
      44
      48
      42
      44
      28
      28
      42
      35
      31
      35
      41
      42
      31
      40
      36
      39
      29
      39
      43
      36
      42
      37
      22
      34
      44
      38
      35
      32
      39
      52
      53
      41
      37
      35
      32
      39
      28
      44
      27
      23
      29
      25
      34
      31
      28
      40
      26
      32
      28
      38
      27
      27
      30
      26
      37
      32
      32
      39
      42
      45
      31
      36
      40
      24
      39
      39
      30
      48
      32
      35
      28
      25
      34
      33
      25
      28
      32
      24
      38
      36
      30
      33
      36
      36
      38
      33
      23
      34
      35
      36
      29
      28
      24
      35
      27
      28
      22
      24
      36
      26
      28
      35
      30
      26
      21
      26
      28
      27
      33
      31
      29
      27
      43
      30
      32
      34
      21
      28
      43
      30
      27
      33
      31
      21
      42
      40
      25
      22
      31
      35
      22
      25
      18
      30
      33
      36
      21
      22
      37
      23
      28
      31
      33
      21
      36
      36
      34
      40
      29
      30
      27
      28
      31
      25
      18
      31
      28
      25
      22
      27
      21
      22
      22
      31
      32
      28
      25
      22
      21
      26
      29
      26
      20
      17
      35
      31
      27
      20
      24
      19
      25
      24
      26
      24
      25
      28
      22
      31
      21
      24
      20
      19
      29
      32
      31
      20
      14
      27
      24
      17
      28
      24
      32
      27
      22
      28
      23
      12
      19
      22
      21
      26
      20
      18
      27
      22
      18
      16
      25
      22
      19
      20
      22
      15
      26
      13
      21
      23
      18
      19
      19
      29
      18
      24
      16
      21
      19
      21
      14
      25
      27
      26
      23
      23
      27
      27
      28
      20
      15
      13
      20
      20
      21
      15
      28
      17
      20
      14
      26
      28
      18
      20
      20
      18
      16
      27
      20
      19
      20
      15
      12
      25
      22
      24
      23
      21
      32
      18
      22
      11
      21
      23
      20
      17
      15
      28
      21
      16
      14
      25
      25
      21
      18
      23
      19
      19
      17
      26
      11
      25
      20
      17
      13
      18
      13
      15
      21
      17
      12
      14
      12
      17
      16
      14
      21
      17
      16
      18
      20
      16
      17
      14
      16
      13
      18
      14
      16
      14
      16
      14
      16
      13
      16
      12
      14
      14
      10
      16
       9
      14
      17
       8
       8
      18
      18
       7
      16
       8
      10
      16
      13
      21
      17
      12
      15
      13
      15
      22
       9
      10
      16
      13
      12
      12
      13
      12
      13
      10
      14
      12
      14
      11
      18
      13
       7
      12
      10
      13
      15
       7
      11
      16
      11
       8
       8
      14
      14
       9
       8
      12
      10
      15
      12
      13
       7
      15
       9
       8
       5
       8
      12
      15
      13
      10
       7
       6
       9
      14
       7
       8
      10
      10
       6
       4
       8
      13
       9
       6
       8
      13
       9
       3
       8
       6
       5
      12
       7
       3
      14
      12
       9
       7
      11
       8
       7
       8
       8
      10
       4
      11
       9
      19
      10
      10
      14
      11
       5
      15
      13
      13
       8
      15
       7
       9
      13
       6
       9
      12
       9
      11
      13
      11
      13
      11
       8
      12
      11
      14
      13
      12
      11
       8
      12
       7
      10
      14
      15
       7
       9
      12
      10
      15
       9
      13
      14
      12
      17
      14
      13
      14
      15
      15
      14
      11
      12
       9
      12
      10
      10
      11
      15
       8
      14
      19
       6
      11
      13
      11
      14
      11
      10
      16
      12
      16
      10
      16
      13
      11
      20
       9
      13
      13
      11
      13
      16
      17
       9
      17
      21
      10
       7
      12
      10
       9
       8
       7
      14
      16
       5
       7
      10
      12
      13
      11
      13
       8
      13
      16
       9
      12
      10
      10
      13
       9
      11
      14
      14
      15
      12
       9
       8
       9
      16
       8
      12
      11
       9
       9
       9
       3
       9
      15
       8
      12
      12
       9
       7
      10
      10
      10
       5
       7
      10
       8
      11
      17
       7
       9
       9
      15
       7
      11
       3
      12
      13
       9
       7
       9
      14
       5
       5
      11
      11
       8
      10
      12
      13
       6
       4
       5
       7
       4
       5
       8
       7
       6
       6
       6
       8
       2
      10
       6
       8
       6
       3
       6
      11
       8
       7
       1
       9
       3
       4
       9
       2
       1
       4
       4
       7
       5
       6
       5
       4
       2
       7
       5
       3
       1
       4
       4
       7
       5
       6
       6
       5
       6
       4
       5
       3
       3
       5
       4
       6
       6
       4
       2
       5
       3
       5
       5
       1
       5
       5
       6
       2
       5
       7
       3
       8
       8
       5
       4
       6
       4
       3
       3
       5
       1
       5
       2
       5
       4
       4
       1
       3
       9
       6
       4
       2
       2
       4
       4
       5
       0
       1
       1
       3
       6
       2
       4
       2
       3
       2
       3
       2
       4
       8
       3
       2
       0
       3
       5
       2
       4
       4
       6
       6
       6
       4
       2
       2
       2
       4
       1
       5
       1
       3
       4
       3
       1
       4
       4
       2
       2
       5
       3
       2
       6
       5
       3
       2
       4
       4
       7
       7
       4
       4
       2
       2
       3
       4
       3
       7
       3
       0
       3
       5
       4
       4
       4
       4
       2
       2
       2
       2
       4
       2
       4
       1
       1
       2
       3
       3
       1
       2
       1
       0
       3
       2
       0
       2
       4
       4
       4
       2
       2
       5
       3
       0
       4
       2
       0
       3
       4
       5
       1
       0
       1
       5
       2
       5
       2
       0
       4
       3
       4
       3
       2
       0
       1
       2
       5
       3
       0
       3
       3
       3
       5
       3
       0
       2
       1
       2
       2
       2
       2
       1
       7
       3
       1
       6
       3
       2
       4
       2
       2
       3
       3
       5
       5
       3
       7
       4
       2
       2
       1
       2
       2
       1
       2
       1
       1
       3
       2
       2
       3
       3
       1
       1
       4
       0
       1
       0
       2
       4
       7
       3
       2
       2
       4
       0
       3
       2
       2
       3
       0
       3
       0
       3
       4
       1
       1
       1
       2
       1
       2
       2
       4
       5
       2
       0
       2
       0
       2
       0
       1
       4
       1
       0
       3
       1
       0
       2
       1
       2
       2
       2
       5
       1
       1
       2
       1
       2
       1
       4
       3
       1
       1
       3
       2
       6
       0
       2
       3
       1
       2
       2
       4
       3
       2
       2
       2
       1
       1
       3
       0
       1
       0
       2
       4
       1
       3
       2
       1
       2
       0
       3
       3
       1
       2
       1
       4
       2
       0
       2
       2
       2
       0
       2
       1
       2
       1
       3
       1
       4
       1
       1
       4
       3
       1
       1
       2
       5
       1
       3
       2
       3
       4
       2
       2
       2
       1
       1
       2
       2
       0
       3
       1
       1
       0
       0
       0
       2
       2
       4
       2
       6
       2
       5
       1
       4
       1
       6
       2
       3
       1
       2
       1
       3
       1
       2
       1
       4
       3
       1
       1
       1
       1
       3
       2
       0
       4
       3
       2
       0
       0
       3
       2
       3
       1
       1
       5
       5
       1
       1
       1
       1
       1
       2
       1
       2
       2
       3
       2
       1
       5
       2
       1
       2
       1
       2
       0
       4
       1
       1
       4
       0
       2
       3
       1
       3
       1
       0
       1
       2
       1
       2
       2
       1
       5
       1
       1
       1
       2
       1
       1
       2
       3
       1
       0
       2
       1
       4
       4
       1
       1
       1
       3
       0
       2
       0
       2
       2
       3
       4
       3
       2
       0
       0
       1
       0
       0
       2
       2
       5
       0
       3
       2
       2
       0
       2
       2
       0
       5
       2
       2
       1
       1
       2
       0
       3
       1
       2
       2
       2
       0
       1
       1
       3
       2
       1
       1
       1
       3
       1
       2
       4
       0
       2
       1
       0
       0
       2
       2
       1
       0
       3
       0
       0
       1
       2
       0
       3
       3
       1
       1
       0
       1
       3
       2
       1
       2
       2
       1
       1
       0
       1
       1
       0
       3
       0
       2
       1
       0
       2
       0
       1
       0
       1
       3
       1
       1
       1
       1
       1
       1
       0
       1
       1
       3
       0
       0
       2
       0
       0
       0
       1
       2
       0
       1
       1
       0
       2
       1
       0
       1
       0
       2
       1
       2
       1
       2
       0
       2
       2
       3
       0
       1
       1
       1
       1
       1
       2
       3
       0
       2
       2
       1
       1
       1
       0
       1
       1
       1
       0
       0
       0
       1
       1
       1
       0
       2
       0
       3
       1
       0
       2
       1
       0
       2
       1
       1
       1
       0
       0
       2
       0
       1
       0
       2
       0
       1
       2
       0
       0
       0
       0
       0
       1
       1
       2
       1
       2
       2
       0
       0
       1
       2
       0
       4
       1
       2
       1
       0
       2
       1
       0
       1
       0
       0
       0
       3
       2
       0
       3
       2
       2
       0
       1
       2
       2
       1
       1
       0
       1
       0
       0
       1
       1
       0
       3
       4
       0
       2
       1
       3
       1
       1
       5
       2
       1
       0
       3
       2
       1
       1
       0
       3
       1
       1
       1
       2
       1
       1
       0
       2
       0
       2
       4
       1
       0
       2
       3
       2
       2
       1
       1
       3
       1
       0
       0
       1
       4
       1
       1
       1
       2
       1
       2
       3
       1
       2
       0
       2
       0
       2
       0
       0
       0
       0
       1
       1
       2
       0
       1
       0
       1
       1
       0
       2
       0
       1
       3
       1
       3
       2
       3
       1
       2
       2
       3
       4
       2
       4
       1
       5
       2
       1
       4
       0
       3
       2
       2
       2
       0
       1
       3
       2
       4
       3
       2
       2
       2
       0
       0
       3
       1
       0
       1
       1
       2
       1
       0
       1
       1
       1
       3
       0
       3
       0
